20
f -2.5000 -0.2276 -0.9675 1.0000
f -1.5000 -0.2276 -0.9675 1.0000
f -1.0000 -0.2276 -1.9675 1.0000
f 0.0000 -0.2276 -1.9675 1.0000
f 1.0000 -0.2276 -1.9675 1.0000
f 1.5000 -0.2276 -0.9675 1.0000
f 2.5000 -0.2276 -0.9675 1.0000
f 3.0000 0.8000 -0.4675 1.0000
f 3.0000 0.8000 0.0325 1.0000
f 3.0000 0.8000 0.5325 1.0000
f 2.5000 -0.2276 1.0325 1.0000
f 1.5000 -0.2276 1.0325 1.0000
f 1.0000 -0.2276 2.0325 1.0000
f 0.0000 -0.2276 2.0325 1.0000
f -1.0000 -0.2276 2.0325 1.0000
f -1.5000 -0.2276 1.0325 1.0000
f -2.5000 -0.2276 1.0325 1.0000
f -3.0000 0.2724 0.5325 1.0000
f -3.0025 0.3243 0.0325 1.0000
f -3.0000 0.2724 -0.4675 1.0000
