73
e -20.0797 -0.8464 -4.2686 1.0000
e -20.0797 -0.8464 -1.7686 1.0000
e -20.0797 -0.8464 0.7314 1.0000
e -20.0797 -0.8464 3.2314 1.0000
f -20.0797 -0.8464 5.7314 1.0000
f -20.0797 -0.8464 8.2314 1.0000
f -20.0797 -0.8464 10.7314 1.0000
f -20.0797 -0.8464 13.2314 1.0000
f -20.0797 -0.8464 15.7314 1.0000
f -18.0797 -0.8464 17.7314 1.0000
f -16.0797 -0.8464 17.7314 1.0000
f -14.0797 -0.8464 17.7314 1.0000
f -12.0797 -0.8464 17.7314 1.0000
f -10.0797 -0.8464 17.7314 1.0000
f -8.0797 -0.8464 17.7314 1.0000
f -6.0797 -0.8464 17.7314 1.0000
f -2.0797 1.1536 15.7314 1.0000
f -0.0797 3.1536 11.7314 1.0000
f -2.0797 5.1536 7.7314 1.0000
f -4.0797 7.1536 7.7314 1.0000
f -6.0797 7.1536 7.7314 1.0000
f -8.0797 5.1536 9.7314 1.0000
f -6.0797 3.1536 11.7314 1.0000
f -4.0797 1.1536 9.7314 1.0000
f -4.0797 -0.8464 7.7314 1.0000
f -4.0797 -0.8464 5.7314 1.0000
f -4.0797 -0.8464 3.7314 1.0000
f -4.0797 1.1536 1.7314 1.0000
f -4.0797 1.1536 -0.2686 1.0000
f -4.0797 -0.8464 -2.2686 1.0000
f -4.0797 -0.8464 -4.2686 1.0000
f -4.0797 1.1536 -6.2686 1.0000
f -4.0797 1.1536 -8.2686 1.0000
f -4.0797 -0.8464 -10.2686 1.0000
f -4.0797 -0.8464 -12.2686 1.0000
f -4.0797 -0.8464 -14.2686 1.0000
f -2.0797 -0.8464 -16.2686 1.0000
f -0.0797 -0.8464 -16.2686 1.0000
f 1.9203 -0.8464 -16.2686 1.0000
f 3.9203 -0.8464 -14.2686 1.0000
f 3.9203 -0.8464 -12.2686 1.0000
f 3.9203 -0.8464 -10.2686 1.0000
f 3.9203 1.1536 -6.2686 1.0000
f 3.9203 5.1536 -4.2686 1.0000
f 3.9203 5.1536 -2.2686 1.0000
f 3.9203 1.1536 -0.2686 1.0000
f 3.9203 -0.8464 3.7314 1.0000
f 3.9203 -0.8464 5.7314 1.0000
f 3.9203 -0.8464 7.7314 1.0000
f 5.9203 -0.8464 9.7314 1.0000
f 9.9203 -0.8464 9.7314 1.0000
f 11.9203 -0.8464 7.7314 1.0000
f 11.9203 -0.8464 3.7314 1.0000
f 13.9203 -0.8464 1.7314 1.0000
f 15.9203 -0.8464 1.7314 1.0000
f 17.9203 -0.8464 1.7314 1.0000
f 19.9203 -0.8464 1.7314 1.0000
f 21.9203 -0.8464 1.7314 1.0000
f 23.9203 -0.8464 -0.2686 1.0000
f 23.9203 -0.8464 -4.2686 1.0000
f 21.9203 -0.8464 -6.2686 1.0000
f 19.9203 -0.8464 -6.2686 1.0000
f 17.9203 -0.8464 -6.2686 1.0000
f 15.9203 3.1536 -6.2686 1.0000
f 13.9203 7.1536 -6.2686 1.0000
f 9.9203 9.1536 -6.2686 1.0000
f 5.9203 11.1536 -6.2686 1.0000
f 1.9203 9.1536 -6.2686 1.0000
c -2.0797 7.1536 -6.2686 1.0000
c -6.0797 5.1536 -6.2686 1.0000
c -10.0797 3.1536 -6.2686 1.0000
c -14.0797 1.1536 -6.2686 1.0000
c -18.0797 -0.8464 -6.2686 1.0000
