73
e -10.5455 0.0303 -1.5152 1.0000
e -10.5455 0.0303 -0.2652 1.0000
e -10.5455 0.0303 0.9848 1.0000
e -10.5455 0.0303 2.2348 1.0000
f -10.5455 0.0303 3.4848 1.0000
f -10.5455 0.0303 4.7348 1.0000
f -10.5455 0.0303 5.9848 1.0000
f -10.5455 0.0303 7.2348 1.0000
f -10.5455 0.0303 8.4848 1.0000
f -9.5455 0.0303 9.4848 1.0000
f -8.5455 0.0303 9.4848 1.0000
f -7.5455 0.0303 9.4848 1.0000
f -6.5455 0.0303 9.4848 1.0000
f -5.5455 0.0303 9.4848 1.0000
f -4.5455 0.0303 9.4848 1.0000
f -3.5455 0.0303 9.4848 1.0000
f -1.5455 1.0303 8.4848 1.0000
f -0.5455 2.0303 6.4848 1.0000
f -1.5455 3.0303 4.4848 1.0000
f -2.5455 4.0303 4.4848 1.0000
f -3.5455 4.0303 4.4848 1.0000
f -4.5455 3.0303 5.4848 1.0000
f -3.5455 2.0303 6.4848 1.0000
f -2.5455 1.0303 5.4848 1.0000
f -2.5455 0.0303 4.4848 1.0000
f -2.5455 0.0303 3.4848 1.0000
f -2.5455 0.0303 2.4848 1.0000
f -2.5455 1.0303 1.4848 1.0000
f -2.5455 1.0303 0.4848 1.0000
f -2.5455 0.0303 -0.5152 1.0000
f -2.5455 0.0303 -1.5152 1.0000
f -2.5455 1.0303 -2.5152 1.0000
f -2.5455 1.0303 -3.5152 1.0000
f -2.5455 0.0303 -4.5152 1.0000
f -2.5455 0.0303 -5.5152 1.0000
f -2.5455 0.0303 -6.5152 1.0000
f -1.5455 0.0303 -7.5152 1.0000
f -0.5455 0.0303 -7.5152 1.0000
f 0.4545 0.0303 -7.5152 1.0000
f 1.4545 0.0303 -6.5152 1.0000
f 1.4545 0.0303 -5.5152 1.0000
f 1.4545 0.0303 -4.5152 1.0000
f 1.4545 1.0303 -3.5152 1.0000
f 1.4545 5.0303 -1.5152 1.0000
f 1.4545 5.0303 -0.5152 1.0000
f 1.4545 1.0303 1.4848 1.0000
f 1.4545 0.0303 2.4848 1.0000
f 1.4545 0.0303 3.4848 1.0000
f 1.4545 0.0303 4.4848 1.0000
f 2.4545 0.0303 5.4848 1.0000
f 4.4545 0.0303 5.4848 1.0000
f 5.4545 0.0303 4.4848 1.0000
f 5.4545 0.0303 2.4848 1.0000
f 6.4545 0.0303 1.4848 1.0000
f 7.4545 0.0303 1.4848 1.0000
f 8.4545 0.0303 1.4848 1.0000
f 9.4545 0.0303 1.4848 1.0000
f 10.4545 0.0303 1.4848 1.0000
f 11.4545 0.0303 0.4848 1.0000
f 11.4545 0.0303 -1.5152 1.0000
f 10.4545 0.0303 -2.5152 1.0000
f 9.4545 0.0303 -2.5152 1.0000
f 8.4545 0.0303 -2.5152 1.0000
f 7.4545 2.0303 -2.5152 1.0000
f 6.4545 4.0303 -2.5152 1.0000
f 4.4545 5.0303 -2.5152 1.0000
f 2.4545 6.0303 -2.5152 1.0000
f 0.4545 5.0303 -2.5152 1.0000
c -1.5455 4.0303 -2.5152 1.0000
c -3.5455 3.0303 -2.5152 1.0000
c -5.5455 2.0303 -2.5152 1.0000
c -7.5455 1.0303 -2.5152 1.0000
c -9.5455 0.0303 -2.5152 1.0000
