66
-9.9788 1.0444 0.0215 1.0000
-9.9788 -8.9556 0.0215 1.0000
-8.9788 -9.9556 0.0215 1.0000
-7.9788 -9.9556 0.0215 1.0000
-6.9788 -9.9556 0.0215 1.0000
-5.9788 -9.9556 0.0215 1.0000
-4.9788 -9.9556 0.0215 1.0000
-3.9788 -9.9556 0.0215 1.0000
-2.9788 -9.9556 0.0215 1.0000
-0.9788 -8.9556 1.0215 1.0000
0.0212 -6.9556 2.0215 1.0000
-0.9788 -4.9556 3.0215 1.0000
-1.9788 -4.9556 4.0215 1.0000
-2.9788 -4.9556 4.0215 1.0000
-3.9788 -5.9556 3.0215 1.0000
-2.9788 -6.9556 2.0215 1.0000
-1.9788 -5.9556 1.0215 1.0000
-1.9788 -4.9556 0.0215 1.0000
-1.9788 -3.9556 0.0215 1.0000
-1.9788 -2.9556 0.0215 1.0000
-1.9788 -1.9556 1.0215 1.0000
-1.9788 -0.9556 1.0215 1.0000
-1.9788 0.0444 0.0215 1.0000
-1.9788 1.0444 0.0215 1.0000
-1.9788 2.0444 1.0215 1.0000
-1.9788 3.0444 1.0215 1.0000
-1.9788 4.0444 0.0215 1.0000
-1.9788 5.0444 0.0215 1.0000
-1.9788 6.0444 0.0215 1.0000
-0.9788 7.0444 0.0215 1.0000
0.0212 7.0444 0.0215 1.0000
1.0212 7.0444 0.0215 1.0000
2.0212 6.0444 0.0215 1.0000
2.0212 5.0444 0.0215 1.0000
2.0212 4.0444 0.0215 1.0000
2.0212 2.0444 1.0215 1.0000
2.0212 1.0444 3.0215 1.0000
2.0212 0.0444 3.0215 1.0000
2.0212 -0.9556 1.0215 1.0000
2.0212 -2.9556 0.0215 1.0000
2.0212 -3.9556 0.0215 1.0000
2.0212 -4.9556 0.0215 1.0000
3.0212 -5.9556 0.0215 1.0000
5.0212 -5.9556 0.0215 1.0000
6.0212 -4.9556 0.0215 1.0000
6.0212 -2.9556 0.0215 1.0000
7.0212 -1.9556 0.0215 1.0000
8.0212 -1.9556 0.0215 1.0000
9.0212 -1.9556 0.0215 1.0000
10.0212 -1.9556 0.0215 1.0000
11.0212 -1.9556 0.0215 1.0000
12.0212 -0.9556 0.0215 1.0000
12.0212 1.0444 0.0215 1.0000
11.0212 2.0444 0.0215 1.0000
10.0212 2.0444 0.0215 1.0000
9.0212 2.0444 0.0215 1.0000
8.0212 2.0444 2.0215 1.0000
7.0212 2.0444 4.0215 1.0000
5.0212 2.0444 5.0215 1.0000
3.0212 2.0444 6.0215 1.0000
1.0212 2.0444 5.0215 1.0000
-0.9788 2.0444 4.0215 1.0000
-2.9788 2.0444 3.0215 1.0000
-4.9788 2.0444 2.0215 1.0000
-6.9788 2.0444 1.0215 1.0000
-8.9788 2.0444 0.0215 1.0000
